0.816666 962 169 153 256 
0.879497 968 172 165 277 
0.832836 963 172 164 268 
0.877663 964 171 160 266 
0.892738 968 171 157 263 
0.878562 968 174 148 257 
0.861087 973 172 147 259 
0.963726 965 168 174 283 
0.997903 969 169 172 273 
0.999724 965 170 169 266 
0.999878 962 169 171 268 
0.999831 959 168 171 272 
0.999084 964 171 165 264 
0.965609 959 167 166 277 
0.97599 962 164 181 301 
0.999192 967 169 172 277 
0.999976 960 168 173 275 
0.999991 959 169 171 272 
0.999978 952 168 175 284 
0.999685 956 169 173 278 
0.978054 941 164 179 302 
0.979845 960 159 191 311 
0.999397 963 168 176 286 
0.999956 955 168 175 282 
0.999971 957 170 173 274 
0.999926 950 167 179 287 
0.999246 950 168 179 287 
0.980316 924 164 190 322 
0.96555 961 159 194 314 
0.995913 963 169 178 288 
0.99823 956 170 177 281 
0.997883 962 173 173 265 
0.997286 954 169 182 283 
0.99244 953 172 180 282 
0.966832 925 168 191 320 
0.816037 956 162 200 304 
0.809939 961 168 186 297 
0.872003 953 167 189 289 
0.87407 959 168 188 274 
0.906858 956 167 191 287 
0.912825 949 172 185 287 
0.900817 940 176 189 303 
0.790409 851 145 121 174 
0.939304 852 146 128 182 
0.950782 850 147 128 183 
0.953861 849 148 124 186 
0.907607 843 150 117 194 
0.615587 847 151 109 198 
0.922326 849 145 133 190 
0.998626 849 145 135 187 
0.999824 849 146 136 186 
0.999838 849 147 135 189 
0.997591 852 150 130 190 
0.894697 848 154 126 200 
0.924767 849 144 138 200 
0.999196 849 144 136 191 
0.999928 847 146 134 190 
0.999923 848 146 136 192 
0.998394 854 148 134 189 
0.856975 857 153 129 191 
0.906017 850 144 138 197 
0.996488 849 145 135 192 
0.998844 846 146 134 192 
0.998565 849 145 136 193 
0.99355 855 146 135 189 
0.878908 860 149 132 187 
0.584234 858 144 144 179 
