0.790903 12 145 176 357 
0.817515 16 144 180 367 
0.809843 19 145 177 364 
0.790563 26 147 170 349 
0.820726 25 148 164 343 
0.888058 32 149 161 341 
0.876434 63 152 146 321 
0.904768 176 155 132 277 
0.931997 191 156 132 267 
0.86248 191 157 130 259 
0.812327 195 158 126 249 
0.80498 207 157 126 238 
0.844532 8 152 191 351 
0.943884 10 149 194 375 
0.97405 14 148 191 377 
0.976752 24 149 181 362 
0.96817 29 151 172 348 
0.970767 19 151 169 353 
0.97618 9 151 169 365 
0.947758 27 151 162 358 
0.830143 84 156 139 316 
0.883648 141 158 129 289 
0.970296 184 159 133 276 
0.977654 194 159 134 262 
0.934632 189 159 136 265 
0.898871 186 158 134 267 
0.809105 191 158 130 262 
0.845169 7 153 198 358 
0.948551 8 150 199 375 
0.98062 13 148 196 373 
0.981866 24 149 186 362 
0.972693 27 150 179 352 
0.977314 12 148 180 364 
0.976828 -3 146 183 382 
0.94155 -1 147 179 388 
0.830215 56 153 155 351 
0.879896 127 155 141 313 
0.956241 181 158 136 285 
0.974006 193 159 135 264 
0.910467 183 158 138 274 
0.887168 176 155 139 282 
0.803676 179 155 134 277 
0.881108 5 151 206 361 
0.971573 6 150 202 369 
0.988171 10 149 200 370 
0.984628 20 150 193 363 
0.9734 19 150 188 357 
0.97478 2 145 195 376 
0.968997 -10 143 197 388 
0.925908 -15 144 196 398 
0.919109 179 153 147 289 
0.920441 193 156 140 268 
0.819332 180 157 141 273 
0.790768 171 155 143 283 
0.759627 175 153 143 281 
0.911791 6 149 208 358 
0.97644 5 148 207 367 
0.986511 5 149 205 372 
0.977562 14 149 202 365 
0.948694 12 148 201 363 
0.950135 -6 142 211 388 
0.953889 -17 141 212 398 
0.884459 -20 140 214 401 
0.826307 9 154 201 320 
0.929347 8 146 210 349 
0.96882 4 143 214 366 
0.977953 4 143 216 378 
0.963213 12 145 213 373 
0.931367 8 144 215 374 
0.922788 -8 140 223 395 
0.922666 -14 140 221 395 
0.85723 -8 143 217 382 
0.778959 9 161 200 285 
0.861358 11 155 206 316 
0.890495 9 150 213 335 
0.899414 15 148 216 346 
0.871646 23 149 215 352 
0.85226 25 149 217 353 
0.840411 17 148 219 362 
0.806329 17 151 214 355 
0.968318 511 171 48 64 
0.943265 514 171 50 63 
0.976527 510 171 48 66 
0.94252 514 171 50 65 
0.92642 369 156 100 160 
0.974058 364 155 108 165 
0.979545 364 155 108 165 
0.948151 369 156 103 159 
0.981471 369 155 101 162 
0.998808 368 152 107 163 
0.998758 368 153 106 164 
0.989969 372 154 104 157 
0.973342 370 152 101 166 
0.99866 371 150 106 160 
0.998402 372 150 106 159 
0.988297 372 152 104 156 
0.751887 371 149 110 162 
0.819849 682 161 28 56 
0.860054 682 160 29 55 
0.809135 682 162 28 56 
0.846928 682 161 29 56 
0.971503 626 166 24 49 
0.945798 628 166 24 47 
0.961016 627 166 24 47 
0.928575 629 166 24 46 
