0.754419 720 157 153 366 
0.856889 718 158 152 380 
0.938832 710 159 151 391 
0.965527 709 158 150 400 
0.968458 720 156 149 399 
0.962793 736 157 144 387 
0.952841 748 158 141 373 
0.939136 758 157 140 361 
0.903673 767 155 140 350 
0.747721 779 153 141 337 
0.92317 737 158 144 358 
0.9958 732 157 148 380 
0.999676 723 157 150 392 
0.999915 716 157 150 402 
0.999936 718 158 149 402 
0.99991 733 159 144 388 
0.999819 749 160 138 368 
0.999086 757 161 133 355 
0.987537 765 160 130 346 
0.859094 777 159 129 333 
0.944874 742 161 139 355 
0.997925 736 159 146 379 
0.999923 730 159 146 384 
0.999991 727 159 144 386 
0.999996 727 158 143 386 
0.999994 738 160 139 377 
0.999981 747 161 134 366 
0.999696 748 161 132 363 
0.992333 752 160 130 360 
0.880848 770 161 125 341 
0.92743 745 158 136 342 
0.991262 743 157 141 364 
0.999062 737 157 141 370 
0.999797 734 157 140 369 
0.999867 736 157 138 366 
0.999762 745 158 135 361 
0.999046 748 159 133 359 
0.993822 742 159 133 365 
0.961042 749 159 130 359 
0.828346 775 160 126 334 
0.648451 156 128 136 282 
0.796557 166 132 131 290 
0.747552 155 134 126 287 
0.731716 157 133 126 284 
0.771658 157 133 126 287 
0.777979 150 134 127 286 
0.720117 159 133 130 281 
0.82987 165 132 128 289 
0.996287 171 137 120 283 
0.99947 167 139 117 270 
0.999626 166 139 117 268 
0.999689 163 138 117 272 
0.998069 158 139 118 272 
0.908265 157 138 122 275 
0.845525 167 134 123 287 
0.997811 173 139 117 275 
0.999823 168 140 114 268 
0.999935 169 142 112 261 
0.999911 162 141 114 270 
0.999232 159 142 113 269 
0.89778 157 140 117 271 
0.85519 171 137 119 270 
0.985916 177 140 113 269 
0.99497 168 140 113 266 
0.996503 170 143 108 253 
0.995497 164 144 109 261 
0.990483 164 144 109 257 
0.911083 167 142 113 256 
