0.671123 256 183 117 174 
0.865564 263 188 109 169 
0.749957 265 190 103 165 
0.760783 268 190 102 166 
0.831225 265 192 97 168 
0.860359 258 187 118 181 
0.998498 263 189 108 170 
0.999649 266 190 105 166 
0.999846 264 191 102 170 
0.998166 262 191 102 171 
0.893584 259 185 116 175 
0.999449 265 189 107 166 
0.999929 266 190 104 166 
0.999954 267 190 103 165 
0.998303 266 191 101 164 
0.872025 262 184 114 169 
0.987156 266 187 109 164 
0.99223 267 188 107 163 
0.988538 267 188 107 164 
0.964607 264 187 106 164 
0.91151 628 162 113 126 
0.986173 627 160 128 135 
0.983729 627 160 133 138 
0.984262 629 160 131 137 
0.904915 633 162 116 132 
0.902933 629 161 128 128 
0.998056 627 159 133 135 
0.999091 629 159 134 134 
0.998571 629 158 133 138 
0.943296 636 161 124 128 
0.779045 632 157 136 127 
0.998335 629 159 132 134 
0.99936 629 159 132 134 
0.998524 628 157 134 140 
0.916488 634 161 126 132 
0.68757 635 158 135 125 
0.991374 632 159 130 132 
0.995117 631 159 130 131 
0.989469 630 157 133 136 
0.855482 633 165 121 131 
0.572747 577 182 32 39 
0.962875 559 185 40 52 
0.99745 558 186 39 52 
0.976301 560 185 38 50 
0.957202 558 186 39 52 
0.993632 558 186 38 52 
0.931503 559 186 38 51 
0.815336 479 171 64 84 
0.801055 478 172 63 81 
0.800271 482 174 56 76 
0.990895 477 171 64 84 
0.995407 478 171 63 82 
0.985732 480 173 60 80 
0.98139 477 171 63 84 
0.987452 477 172 60 82 
0.974856 477 174 58 83 
