0.387381 46 175 54 157 
0.397221 44 174 56 162 
0.567915 495 158 72 98 
0.996259 498 158 71 100 
0.993467 494 157 71 103 
0.898537 497 156 70 101 
0.881833 408 177 98 139 
0.835763 407 177 98 141 
0.85663 411 176 98 136 
0.888406 413 171 98 136 
0.580782 492 159 70 97 
0.995222 499 156 69 96 
0.995044 495 157 68 101 
0.86287 498 156 67 99 
0.385573 404 179 93 128 
0.999289 407 177 98 139 
0.999875 409 177 98 138 
0.999946 409 177 96 136 
0.997246 406 174 101 139 
0.999796 407 176 99 139 
0.999983 407 177 97 142 
0.999991 409 178 94 136 
0.998045 405 177 97 139 
0.459501 405 180 97 138 
0.988912 406 178 97 140 
0.993711 405 179 96 142 
0.990502 407 178 96 140 
0.964007 403 177 97 141 
0.736522 690 146 22 22 
0.695717 691 147 21 22 
0.668862 690 148 20 21 
0.65016 691 148 20 21 
